Option,I am not eligible to vote,Not I am not eligible to vote
The Job and Internship Board,20,285
Not The Job and Internship Board,90,671
